128 128
50 50
1 1 1 1 1 1 1 1 1 1 1 1 1 1 1 1 1 1 1 1 1 1 1 1 1 1 1 1 1 1 1 1 1 1 1 1 1 1 1 1 1 1 1 1 1 1 1 1 1 1 1 1 1 1 1 1 1 1 1 1 1 1 1 1 1 1 1 1 1 1 1 1 1 1 1 1 1 1 1 1 1 1 1 1 1 1 1 1 1 1 1 1 1 1 1 1 1 1 1 1 1 1 1 1 1 1 1 1 1 1 1 1 1 1 1 1 1 1 1 1 1 1 1 1 1 1 1 1 
1 2 2 2 2 2 2 2 2 2 2 2 2 2 2 2 2 2 2 2 2 2 2 2 2 2 2 2 2 2 2 2 2 2 2 2 2 2 2 2 2 2 2 2 2 2 2 2 2 2 2 2 2 2 2 46 2 2 2 2 2 2 2 2 2 2 2 2 2 2 2 2 2 2 2 2 2 2 2 2 2 2 2 2 2 2 2 2 2 2 48 2 2 2 2 2 2 2 2 2 2 2 2 2 2 2 2 2 2 2 2 2 2 2 2 2 2 2 2 2 2 2 2 2 2 2 2 1 
1 2 2 2 2 2 2 2 2 2 2 2 5 5 5 5 5 5 2 2 2 2 2 2 2 2 2 2 2 2 2 2 2 2 2 2 2 2 2 2 2 2 2 2 2 2 2 2 2 2 2 2 2 2 2 46 2 2 2 2 2 2 2 2 2 2 54 2 2 2 2 2 2 2 2 19 30 30 19 2 2 2 2 2 2 2 2 2 2 2 48 2 19 2 2 2 2 2 2 2 2 2 2 2 2 2 2 2 2 2 2 2 2 2 2 2 2 2 2 2 2 2 2 2 2 2 2 1 
1 2 2 2 2 2 2 2 2 2 2 2 3 10 11 11 12 7 8 2 2 2 2 2 2 2 2 2 2 2 2 2 2 2 2 2 2 2 2 2 2 2 2 2 2 2 2 2 2 2 2 2 2 2 2 46 2 2 2 2 2 2 2 2 2 2 54 2 2 2 2 2 2 2 2 19 30 30 19 2 2 2 2 2 2 2 2 2 2 2 48 2 2 2 2 2 2 2 2 2 2 2 2 2 2 2 2 2 2 2 2 2 2 2 2 2 2 2 2 2 2 2 2 2 2 2 2 1 
1 2 2 2 2 2 2 2 2 2 2 2 3 13 9 9 15 7 24 2 2 2 2 2 2 2 2 2 2 2 2 2 2 2 2 2 2 2 2 2 2 2 2 2 2 2 2 2 2 2 2 2 2 2 2 46 2 2 2 2 2 2 2 2 2 2 54 2 2 2 2 2 2 2 2 19 30 30 19 2 2 2 2 2 2 2 2 2 2 2 48 2 2 2 22 2 2 2 2 2 2 2 2 2 2 2 2 2 2 2 2 2 2 2 2 2 2 2 2 2 2 2 2 2 2 2 2 1 
1 2 2 2 2 2 2 2 2 2 2 2 3 13 9 9 15 7 8 2 2 2 2 2 2 2 2 2 2 2 2 2 2 2 2 2 2 2 2 2 2 2 2 2 2 2 2 2 2 2 2 2 2 2 2 46 2 2 2 2 2 2 2 2 2 2 54 2 2 2 2 2 2 2 2 19 30 30 19 2 2 2 2 2 2 2 2 2 2 2 48 2 2 19 2 2 19 2 2 2 2 2 2 2 2 2 2 2 2 2 2 2 2 2 2 2 2 2 2 2 2 2 2 2 2 2 2 1 
1 2 2 2 2 2 2 2 2 2 2 2 3 13 9 9 15 7 8 2 2 2 2 2 2 2 2 2 2 2 2 2 2 2 2 2 2 2 2 2 2 2 2 2 2 2 2 2 2 2 2 2 2 2 2 46 2 2 2 2 2 2 2 2 2 2 54 2 2 2 2 2 2 2 2 19 30 30 19 2 2 2 2 2 2 2 2 2 2 2 48 2 22 2 2 22 2 2 2 2 2 2 2 2 2 2 2 2 2 2 2 2 2 2 2 2 2 2 2 2 2 2 2 2 2 2 2 1 
1 2 2 2 2 2 2 2 2 2 2 2 3 16 17 17 18 7 8 2 2 2 2 2 2 2 2 2 2 2 2 2 2 2 2 2 2 2 2 2 2 2 2 2 2 2 2 2 2 2 52 52 52 2 2 46 2 2 2 2 2 2 2 2 2 2 54 2 2 2 2 2 2 2 2 19 30 30 19 2 2 2 2 2 2 2 2 2 2 2 48 2 2 2 2 22 2 2 2 2 2 2 2 2 2 2 2 2 2 2 2 2 2 2 2 2 2 2 2 2 2 2 2 2 2 2 2 1 
1 2 2 2 2 2 2 2 2 2 2 2 4 5 4 6 5 6 8 2 2 2 2 2 2 2 2 2 2 2 2 2 2 2 2 2 2 2 2 2 2 2 2 2 2 2 2 2 2 2 50 1 48 2 2 46 2 2 2 2 2 2 2 2 2 2 54 2 2 2 2 2 2 2 2 2 30 30 2 2 2 2 2 2 2 2 2 2 2 2 48 2 2 2 2 2 19 2 2 2 2 2 2 2 2 2 2 2 2 2 2 2 2 2 2 2 2 2 2 2 2 2 2 2 2 2 2 1 
1 2 2 2 2 2 24 2 2 2 2 2 2 2 2 2 2 2 2 2 2 2 2 2 2 2 2 2 2 2 2 2 2 2 2 2 2 2 2 2 2 2 2 2 2 2 2 2 2 2 2 2 48 2 2 46 2 2 2 2 2 2 2 2 2 19 54 2 2 2 2 2 2 2 2 2 30 30 2 2 2 2 2 2 2 2 2 2 2 2 48 2 2 19 2 19 2 2 2 2 2 2 2 2 2 2 2 2 2 2 2 2 2 2 2 2 2 2 2 2 2 2 2 2 2 2 2 1 
1 2 2 2 2 2 24 2 30 30 2 2 2 2 2 2 2 20 2 2 2 2 2 2 2 2 2 2 2 2 2 2 2 2 2 2 2 2 2 2 2 2 2 2 2 2 2 2 2 2 2 2 48 52 52 31 52 52 52 52 52 52 52 52 52 52 54 2 2 2 2 2 2 2 2 2 30 30 2 2 2 2 2 2 2 2 2 2 2 2 48 19 2 2 2 2 2 2 2 2 2 2 2 2 2 2 2 2 2 2 2 2 2 2 2 2 2 2 2 2 2 2 2 2 2 2 2 1 
1 2 2 2 2 2 2 2 30 30 2 2 2 2 19 2 2 2 2 2 2 2 2 2 2 2 2 2 2 2 2 2 2 2 2 2 2 2 2 2 2 2 2 2 2 2 2 2 2 2 2 2 50 1 1 32 1 1 1 1 1 1 1 1 1 1 56 2 2 2 2 2 2 2 2 2 30 30 2 2 2 2 2 2 2 2 2 2 2 2 48 2 2 2 2 22 2 2 2 2 2 2 2 2 2 2 2 2 2 2 2 2 2 2 2 2 2 2 2 2 2 2 2 2 2 2 2 1 
1 2 10 11 11 12 2 2 30 30 2 22 2 2 2 2 2 2 2 2 2 2 2 2 2 2 2 2 2 2 2 2 2 2 2 2 2 2 2 2 2 2 2 2 2 2 2 2 2 2 2 2 2 2 2 33 2 2 2 2 2 2 2 2 2 2 2 2 2 2 2 2 2 2 2 2 30 30 2 2 2 2 2 2 2 2 2 2 2 2 48 2 22 2 19 2 2 2 19 2 2 2 2 2 2 2 2 2 2 2 2 2 2 2 2 2 2 2 2 2 2 2 2 2 2 2 2 1 
1 2 13 9 9 15 2 2 30 30 2 2 2 2 2 22 2 2 2 22 2 2 2 2 2 2 2 2 2 2 2 2 2 2 2 2 2 2 2 2 2 2 2 2 2 2 2 2 2 2 2 2 2 2 2 35 2 2 2 2 2 2 2 2 2 2 2 2 2 2 2 2 2 2 2 2 30 30 2 2 2 2 2 2 2 2 2 2 2 2 48 2 2 2 22 22 2 2 2 2 2 2 2 2 2 2 2 2 2 2 2 2 2 2 2 2 2 2 2 2 2 2 2 2 2 2 2 1 
1 2 13 9 9 15 2 2 30 30 2 2 2 2 2 2 2 2 2 2 2 2 2 2 2 2 2 2 2 2 2 2 2 2 30 30 2 2 2 2 30 30 2 2 2 2 2 2 2 2 2 2 2 2 34 35 36 2 2 2 2 2 25 25 25 25 25 25 2 2 2 2 2 2 2 2 30 30 2 47 51 51 51 51 53 2 2 2 2 2 48 2 19 2 2 2 2 2 2 2 2 2 2 2 2 2 2 2 2 2 2 2 2 2 2 2 2 2 2 2 2 2 2 2 2 2 2 1 
1 2 13 9 9 15 2 2 30 30 30 30 30 30 30 30 30 30 30 30 30 30 30 30 30 30 30 30 30 30 30 30 30 30 30 30 30 30 30 30 30 30 30 30 30 30 30 30 30 30 30 30 30 30 37 38 39 2 2 2 2 2 3 10 11 11 12 25 2 2 2 2 2 2 29 2 30 30 2 48 52 2 2 52 54 2 2 2 2 2 48 2 22 22 19 2 2 2 2 2 2 2 2 2 2 2 2 2 2 2 2 2 2 2 2 2 2 2 2 2 2 2 2 2 2 2 2 1 
1 2 13 9 9 15 2 2 30 30 30 30 30 30 30 30 30 30 30 30 30 30 30 30 30 30 30 30 30 30 30 30 30 30 30 30 30 30 30 30 30 30 30 30 30 30 30 30 30 30 30 30 30 30 2 46 2 2 2 2 2 2 3 13 9 9 15 25 2 2 2 2 2 2 29 2 30 30 2 49 1 2 2 1 55 2 2 2 2 2 48 2 2 2 2 2 19 2 2 2 2 2 2 2 2 2 2 2 2 2 2 2 2 2 2 2 2 2 2 2 2 2 2 2 2 2 2 1 
1 2 16 14 14 18 2 2 2 23 2 2 2 2 2 2 2 2 2 2 2 2 2 2 2 2 2 2 2 2 2 2 2 2 2 2 2 2 2 2 2 2 2 2 2 2 2 2 2 2 2 2 30 30 2 46 2 2 2 2 2 2 3 13 9 9 15 25 2 2 2 2 2 2 29 19 30 30 2 50 1 2 2 1 56 2 2 2 2 2 48 2 19 2 2 2 2 2 2 2 2 2 2 2 2 2 2 2 2 2 2 2 2 2 2 2 2 2 2 2 2 2 2 2 2 2 2 1 
1 2 2 2 2 2 2 2 2 2 2 2 2 2 2 22 23 22 20 2 2 2 2 2 2 2 2 2 2 2 2 2 2 2 2 2 2 2 2 2 2 2 2 2 2 2 2 2 2 2 2 2 30 30 2 46 2 2 2 2 2 2 3 16 17 17 18 25 2 2 2 2 2 2 29 2 30 30 2 2 2 2 2 2 2 2 2 2 2 2 48 2 2 22 19 2 19 2 2 2 2 2 2 2 2 2 2 2 2 2 2 2 2 2 2 2 2 2 2 2 2 2 2 2 2 2 2 1 
1 2 2 2 2 2 2 2 2 2 2 2 2 2 2 2 2 2 2 2 2 2 2 2 2 2 2 2 2 2 2 2 2 2 2 2 2 2 2 2 2 2 2 2 2 2 2 2 2 2 2 2 30 30 2 46 2 2 2 2 2 2 4 5 5 5 5 5 2 2 2 2 2 2 28 2 30 30 2 47 51 51 51 51 53 2 2 2 2 2 48 2 2 2 2 2 2 2 2 2 2 2 2 2 2 2 2 2 2 2 2 2 2 2 2 2 2 2 2 2 2 2 2 2 2 2 2 1 
1 2 2 2 2 2 2 2 2 2 2 2 2 2 2 2 2 2 47 51 51 51 51 51 51 51 51 51 51 53 2 2 2 2 2 2 2 2 2 2 2 2 41 43 43 43 43 43 43 43 43 43 57 57 43 40 2 2 2 2 2 2 2 2 2 2 2 2 2 2 2 2 2 24 24 2 30 30 2 48 52 52 52 52 54 2 2 2 2 2 48 2 19 2 2 2 2 2 2 2 2 2 2 2 2 2 2 2 2 2 2 2 2 2 2 2 2 2 2 2 2 2 2 2 2 2 2 1 
1 2 2 2 2 2 2 2 2 2 2 2 2 2 2 2 2 2 48 52 52 52 52 52 52 52 52 52 52 54 2 2 2 2 2 2 2 2 2 2 2 2 46 2 2 2 2 2 2 2 2 2 30 30 2 2 2 2 2 2 2 2 2 2 2 2 2 2 2 2 2 2 2 2 2 2 30 30 2 49 1 1 1 1 55 2 2 2 2 2 48 22 19 2 19 2 2 2 2 2 2 2 2 2 2 2 2 2 2 2 2 2 2 2 2 2 2 2 2 2 2 2 2 2 2 2 2 1 
1 2 2 2 2 2 2 2 2 2 2 2 2 2 2 2 2 2 49 1 1 1 1 1 1 1 1 1 1 55 2 2 2 2 2 2 2 2 2 2 2 2 46 2 24 2 2 2 2 2 2 2 30 30 30 30 30 30 30 30 30 30 30 30 30 30 30 30 30 30 30 30 30 30 30 30 30 30 2 50 1 1 1 1 56 2 2 2 2 2 48 2 2 2 2 2 19 2 2 2 2 2 2 2 2 2 2 2 2 2 2 2 2 2 2 2 2 2 2 2 2 2 2 2 2 2 2 1 
1 2 2 2 2 2 2 2 2 2 2 2 2 2 2 2 2 2 50 1 1 1 1 1 1 1 1 1 1 56 2 2 2 2 2 2 2 2 2 2 2 2 46 2 2 2 24 2 24 2 2 2 30 30 30 30 30 30 30 30 30 30 30 30 30 30 30 30 30 30 30 30 30 30 30 30 30 30 2 2 2 2 2 2 2 2 2 2 2 2 48 2 2 2 2 2 2 2 2 2 2 2 2 2 2 2 2 2 2 2 2 2 2 2 2 2 2 2 2 2 2 2 2 2 2 2 2 1 
1 2 2 2 2 2 2 2 2 2 2 2 2 2 2 2 2 2 2 2 2 2 2 2 2 2 2 2 2 2 2 2 1 2 2 2 2 2 2 2 2 2 46 2 2 2 2 2 2 2 2 2 2 2 30 30 2 2 2 2 2 2 2 2 2 2 2 2 2 2 2 2 2 2 2 2 30 30 2 2 2 2 2 2 2 2 2 2 2 2 48 2 2 2 2 2 2 2 2 2 2 2 2 2 2 2 2 2 2 2 2 2 2 2 2 2 2 2 2 2 2 2 2 2 2 2 2 1 
1 2 2 2 2 2 2 2 2 2 2 2 2 2 2 2 2 2 2 2 2 2 2 2 2 2 2 2 2 2 2 2 2 2 2 2 2 2 2 2 2 2 46 2 2 2 2 2 2 2 2 2 2 2 30 30 2 2 2 2 2 2 2 2 2 2 2 2 2 2 2 2 2 2 2 2 30 30 2 2 2 2 2 2 2 2 2 2 2 2 48 2 2 2 2 2 2 2 2 2 2 2 2 2 2 2 2 2 2 2 2 2 2 2 2 2 2 2 2 2 2 2 2 2 2 2 2 1 
1 2 2 2 2 2 2 2 2 2 2 2 2 2 2 2 2 2 2 2 2 2 2 2 2 2 2 2 2 2 2 2 2 2 2 2 2 41 43 43 43 43 40 2 2 2 2 2 2 2 2 2 2 2 30 30 2 2 5 5 5 5 5 5 2 2 2 2 2 2 2 2 2 2 19 2 30 30 2 2 2 2 2 2 2 2 2 2 2 2 48 2 2 2 2 2 2 2 2 2 2 2 2 2 2 2 2 2 2 2 2 2 2 2 2 2 2 2 2 2 2 2 2 2 2 2 2 1 
1 2 2 2 2 2 2 2 2 2 2 2 2 2 2 2 2 2 2 2 2 2 2 2 2 2 2 2 2 2 2 2 2 2 2 2 2 46 2 2 2 2 2 2 2 2 2 2 2 2 2 2 2 2 30 30 2 2 3 22 22 22 22 7 8 2 2 2 2 2 2 2 2 2 29 2 30 30 2 2 2 2 2 2 2 2 2 2 2 2 48 2 2 2 2 2 2 2 2 2 2 2 2 2 2 2 2 2 2 2 2 2 2 2 2 2 2 2 2 2 2 2 2 2 2 2 2 1 
1 2 2 2 2 2 2 2 2 2 2 2 2 2 2 2 2 2 52 52 52 52 52 52 52 52 52 52 52 52 52 52 52 52 52 52 52 31 52 52 52 52 52 52 52 52 52 52 52 52 52 52 2 2 30 30 2 2 3 22 22 22 22 7 8 2 2 2 2 2 2 2 2 2 29 2 30 30 2 2 2 2 2 2 2 2 2 2 2 2 48 2 2 2 2 2 2 2 2 2 2 2 2 2 2 2 2 2 2 2 2 2 2 2 2 2 2 2 2 2 2 2 2 2 2 2 2 1 
1 2 2 2 2 2 2 2 2 2 2 2 2 2 2 2 2 47 1 1 1 1 1 1 1 1 1 1 1 1 1 1 1 1 1 1 1 32 1 1 1 1 1 1 1 1 1 1 1 1 1 1 29 2 30 30 2 2 3 22 22 22 22 7 8 2 2 2 2 2 2 2 2 2 29 2 30 30 2 2 2 2 2 2 2 2 2 2 2 2 48 2 2 2 2 2 2 2 2 2 2 2 2 2 2 2 2 2 2 2 2 2 2 2 2 2 2 2 2 2 2 2 2 2 2 2 2 1 
1 2 2 2 2 2 2 2 2 2 2 2 2 2 2 2 2 49 1 1 1 1 1 1 1 1 1 1 1 1 1 1 1 1 1 1 1 33 1 1 1 1 1 1 1 1 1 1 1 1 1 1 28 2 30 30 2 2 3 22 22 22 22 7 24 2 2 2 2 2 2 2 2 2 29 2 30 30 2 2 2 2 2 2 2 2 2 2 2 2 48 2 19 2 2 2 2 2 2 2 2 2 2 2 2 2 2 2 2 2 2 2 2 2 2 2 2 2 2 2 2 2 2 2 2 2 2 1 
1 2 2 2 2 2 2 2 2 2 2 2 2 2 2 2 2 54 2 2 2 2 2 2 2 2 2 2 2 2 2 2 2 2 2 2 2 33 2 2 2 2 2 2 2 2 2 2 2 2 2 2 2 2 30 30 2 2 4 5 5 5 5 6 24 2 2 2 2 2 2 2 2 2 28 2 30 30 2 2 2 2 2 2 2 2 2 2 2 2 48 2 2 2 19 2 2 2 2 2 2 2 2 2 2 2 2 2 2 2 2 2 2 2 2 2 2 2 2 2 2 2 2 2 2 2 2 1 
1 2 2 2 2 2 2 2 2 2 2 2 2 2 2 2 2 54 2 2 2 2 2 2 2 2 2 2 2 2 2 2 2 2 2 2 2 33 2 2 2 2 2 2 2 2 23 2 2 2 2 2 2 2 30 30 2 2 2 2 2 2 2 2 2 2 2 2 2 2 2 2 2 2 2 2 30 30 2 2 2 2 2 2 2 2 2 2 2 2 48 2 22 2 2 19 2 2 22 2 2 2 2 2 2 2 2 2 2 2 2 2 2 2 2 2 2 2 2 2 2 2 2 2 2 2 2 1 
1 2 2 2 2 2 2 2 2 2 2 2 2 2 2 2 2 54 2 2 2 2 2 2 2 2 2 2 2 2 2 2 2 2 2 2 2 46 2 2 2 2 2 2 2 19 2 2 2 2 2 23 2 2 30 30 2 2 2 2 2 2 2 2 2 2 2 2 2 2 2 2 2 2 2 2 30 30 2 2 2 2 2 2 2 2 2 2 2 2 48 2 19 2 2 22 2 2 2 2 2 2 2 2 2 2 2 2 2 2 2 2 2 2 2 2 2 2 2 2 2 2 2 2 2 2 2 1 
1 2 2 2 2 2 2 2 2 2 2 2 2 2 2 2 2 54 2 2 2 2 2 2 2 2 2 2 2 2 2 2 2 2 2 2 2 46 2 2 2 22 2 2 2 2 2 2 2 2 19 2 2 2 30 30 30 30 30 30 30 30 30 30 30 30 30 30 30 30 30 30 30 30 30 30 30 30 2 2 2 2 2 2 2 2 2 2 2 2 48 2 2 2 2 2 2 2 2 2 2 2 2 2 2 2 2 2 2 2 2 2 2 2 2 2 2 2 2 2 2 2 2 2 2 2 2 1 
1 2 2 2 2 2 2 2 2 2 2 2 2 2 2 2 2 54 2 2 2 2 2 2 2 2 2 2 2 2 2 2 2 2 2 2 2 46 2 2 2 2 2 2 2 2 2 2 2 2 2 2 2 2 30 30 30 30 30 30 30 30 30 30 30 30 30 30 30 30 30 30 30 30 30 30 30 30 2 2 2 2 2 2 2 2 2 2 2 2 48 2 2 22 19 2 19 2 2 19 2 2 19 2 19 2 2 2 2 19 2 2 19 2 2 19 2 2 2 2 19 2 2 2 2 2 2 1 
1 2 2 2 2 2 2 2 2 2 2 2 2 2 2 2 2 54 2 2 2 2 2 2 2 2 2 2 2 2 2 2 2 2 2 2 2 46 2 2 2 2 2 2 2 2 2 2 2 2 2 2 2 2 30 30 2 2 2 2 2 2 2 2 2 2 2 2 2 2 2 2 2 2 2 2 2 2 2 2 2 2 2 2 2 2 2 2 2 2 48 2 19 2 22 2 19 2 2 2 2 2 2 2 2 2 22 2 19 2 2 2 2 2 2 19 2 2 2 22 2 2 2 2 2 2 2 1 
1 2 2 2 2 2 2 2 2 2 2 2 2 2 2 2 2 54 2 2 2 2 2 2 2 2 2 2 2 2 2 2 2 2 2 2 2 46 2 2 2 2 2 2 2 2 2 2 2 2 2 2 2 2 30 30 2 2 2 2 2 2 2 2 2 2 2 2 2 2 2 2 2 2 2 2 2 2 2 2 2 2 2 2 2 2 2 2 2 2 48 2 2 2 2 22 2 2 19 2 2 2 2 19 2 2 2 2 2 2 2 19 2 2 2 2 2 2 19 2 19 2 2 2 2 19 2 1 
1 52 52 52 52 52 52 52 52 52 52 52 52 52 52 52 52 54 2 2 2 2 2 2 2 2 2 2 2 2 2 2 2 2 2 2 2 46 2 2 2 2 2 2 2 2 2 2 2 2 2 2 2 2 30 30 2 2 23 2 2 2 2 2 2 2 2 2 2 2 2 2 2 19 2 2 2 2 2 2 2 2 2 2 2 2 2 2 2 2 48 2 2 2 2 2 2 22 19 19 2 2 2 22 2 2 19 22 19 2 2 2 22 19 2 2 2 2 22 2 2 22 2 2 2 2 2 1 
1 1 1 1 1 1 1 1 1 1 1 1 1 1 1 1 1 1 2 2 2 2 2 2 2 2 2 2 2 2 2 2 2 2 2 2 2 46 2 2 2 2 2 2 2 2 2 2 2 2 2 2 2 2 30 30 2 2 2 2 2 2 2 2 2 2 2 2 2 2 23 2 2 2 2 2 2 2 2 2 2 2 2 2 2 2 2 2 2 2 48 2 2 19 22 2 2 2 2 2 2 22 2 19 2 2 2 2 2 2 2 2 2 2 22 2 2 2 2 2 19 22 2 2 2 19 2 1 
1 1 1 1 1 1 1 1 1 1 1 1 1 1 1 1 1 56 2 2 2 2 2 2 2 2 2 2 2 2 2 2 2 2 2 2 2 46 2 2 2 2 2 2 2 2 2 2 2 2 2 2 2 2 30 30 2 2 2 2 2 2 2 2 2 2 19 2 2 2 2 2 2 2 2 2 2 2 2 2 2 2 2 2 2 2 2 2 2 2 48 52 52 52 52 52 52 52 52 52 52 52 52 52 52 52 52 52 52 52 52 52 52 52 52 52 52 52 52 52 52 52 52 52 52 52 52 1 
1 10 11 11 11 11 11 11 11 11 11 11 11 11 11 11 11 11 11 11 11 11 11 11 12 2 2 2 19 2 2 2 2 2 2 2 2 46 2 2 2 2 2 2 2 2 2 2 2 2 2 2 2 2 30 30 2 2 2 2 2 2 2 2 2 2 2 2 2 2 2 2 2 2 2 2 2 2 2 2 2 2 2 2 2 2 2 2 2 2 49 1 1 1 1 1 1 1 1 1 1 1 1 1 1 1 1 1 1 1 1 1 1 1 1 1 1 1 1 1 1 1 1 1 1 1 1 1 
1 13 14 14 14 14 14 14 14 14 14 14 14 14 14 14 14 14 14 14 14 14 14 14 15 2 2 2 2 2 2 2 2 2 22 2 2 46 2 2 2 2 2 2 2 2 2 2 2 2 2 2 2 2 30 30 2 2 2 2 2 34 35 2 2 2 2 2 2 2 2 2 2 2 2 2 2 2 2 2 2 2 2 2 2 2 2 2 2 2 50 1 1 1 1 1 1 1 1 1 1 1 1 1 1 1 1 1 1 1 1 1 1 1 1 1 1 1 1 1 1 1 1 1 1 1 1 1 
1 13 14 14 14 14 14 14 14 14 14 14 14 14 14 14 14 14 14 14 14 14 14 14 15 2 2 2 2 2 2 2 2 2 2 2 2 46 2 2 2 2 2 2 2 2 2 2 2 2 2 2 2 2 30 30 2 23 2 2 2 37 35 43 43 43 43 44 43 43 43 43 43 43 43 43 43 43 43 43 43 43 43 43 43 43 43 43 43 43 43 43 43 43 43 43 43 45 2 2 2 2 2 2 2 2 2 2 2 2 2 2 2 2 2 2 2 2 2 2 2 2 2 2 2 2 2 1 
1 13 14 14 14 14 14 14 14 14 14 14 14 14 14 14 14 14 14 14 14 14 14 14 15 2 2 2 2 2 2 2 2 2 2 2 2 46 2 2 2 2 2 2 2 2 2 2 2 2 2 2 2 2 30 30 2 23 2 2 2 2 2 2 2 2 2 46 2 2 2 2 2 2 2 2 2 2 2 2 2 2 2 2 2 2 2 2 2 2 2 2 2 2 2 2 2 46 2 2 2 2 2 2 2 2 2 2 2 2 2 2 2 2 2 2 2 2 2 2 2 2 2 2 2 2 2 1 
1 13 14 14 14 14 14 14 14 14 14 14 14 14 14 14 14 14 14 14 14 14 14 14 15 2 2 2 2 2 2 2 2 2 2 2 2 46 2 2 2 2 2 2 2 2 22 2 2 2 2 2 2 2 30 30 2 2 2 2 2 2 2 2 2 2 2 46 2 2 2 2 2 2 2 2 2 2 2 2 2 2 2 2 2 2 2 2 2 2 2 2 2 2 2 2 2 46 2 2 2 2 2 2 2 2 2 2 2 2 2 2 2 2 2 2 2 2 2 2 2 2 2 2 2 2 2 1 
1 13 14 14 14 14 14 14 14 14 14 14 14 14 14 14 14 14 14 14 14 14 14 14 15 2 2 2 22 2 2 2 2 2 2 2 2 57 2 2 2 2 2 2 2 2 2 2 2 2 2 2 2 2 30 30 2 2 2 2 2 2 2 2 2 2 2 46 2 2 2 2 2 2 2 2 2 2 2 2 2 2 5 5 5 5 5 5 5 5 5 5 5 5 5 5 5 46 5 5 5 5 5 2 2 2 2 2 2 2 2 2 2 2 2 2 2 2 2 2 2 2 2 2 2 2 2 1 
1 13 14 14 14 14 14 14 14 14 14 14 14 14 14 14 14 14 14 14 14 14 14 14 15 2 2 2 2 2 2 2 2 2 2 2 2 46 2 2 2 2 2 2 2 2 2 2 2 2 2 2 2 2 2 2 2 2 2 2 2 2 2 2 2 2 2 46 2 2 2 2 2 2 2 2 2 2 2 2 2 2 3 2 2 2 23 23 23 23 23 23 23 41 43 43 43 40 2 2 2 19 7 8 2 2 2 2 2 2 2 2 2 2 2 2 2 2 2 2 2 2 2 2 2 2 2 1 
1 13 14 14 14 14 14 14 14 14 14 14 14 14 14 14 14 14 14 14 14 14 14 14 15 2 2 2 2 2 2 2 2 2 2 2 2 46 2 2 2 2 2 2 2 2 2 2 2 2 2 2 2 2 2 2 2 2 2 2 2 2 2 2 2 2 2 46 2 2 2 2 2 2 2 2 2 2 2 2 2 2 3 2 2 2 23 22 22 22 22 22 22 46 2 10 11 11 11 11 12 2 7 8 2 2 2 2 2 2 2 2 2 2 2 2 2 2 2 2 2 2 2 2 2 2 2 1 
1 13 14 14 14 14 14 14 14 14 14 14 14 14 14 14 14 14 14 14 14 14 14 14 15 2 2 2 2 2 2 2 2 2 2 2 2 46 2 2 2 2 2 2 2 2 2 2 2 2 2 2 2 2 2 2 2 2 2 2 2 2 2 29 3 21 2 21 2 21 2 7 8 2 2 2 2 2 2 2 2 2 3 2 2 2 23 22 22 22 22 22 22 46 2 13 9 9 9 9 15 2 7 8 2 2 2 2 2 2 2 2 2 2 2 2 2 2 2 2 2 2 2 2 2 2 2 1 
1 16 17 17 17 17 17 17 17 17 17 17 17 17 17 17 17 17 17 17 17 17 17 17 18 2 2 2 2 2 2 2 2 2 2 2 2 46 2 2 2 2 2 2 2 2 2 2 2 2 2 2 2 2 2 2 2 2 2 2 2 2 2 29 3 2 21 2 21 2 21 7 8 2 2 2 2 2 2 2 2 2 3 2 2 2 2 2 22 22 22 22 22 46 2 13 9 9 9 9 15 2 7 8 2 2 2 2 2 2 2 2 2 2 2 2 2 2 2 2 2 2 2 2 2 2 2 1 
1 43 43 43 43 43 43 43 43 43 43 43 43 43 43 43 43 43 43 43 43 43 43 43 43 43 43 43 43 43 43 43 43 43 43 43 43 40 2 2 2 24 2 2 2 2 2 2 2 2 2 2 2 2 2 2 2 2 2 2 2 2 2 29 3 21 2 21 2 21 2 7 8 2 2 2 2 2 2 2 2 2 2 2 2 2 2 2 2 2 2 2 2 46 2 13 9 9 9 9 15 2 7 8 2 2 2 2 2 2 2 2 2 2 2 2 2 2 2 2 2 2 2 2 2 2 2 1 
1 2 2 2 2 2 2 2 2 2 2 2 2 2 2 2 2 2 2 2 2 2 2 2 2 2 2 2 2 2 2 2 2 2 2 2 2 2 2 2 2 2 2 2 2 2 2 2 2 2 2 2 2 2 2 2 2 2 2 2 2 2 2 29 3 2 21 2 21 2 21 7 8 2 2 2 2 2 2 2 2 2 2 2 2 2 2 2 2 2 2 2 2 42 45 16 17 17 17 17 18 2 7 8 2 2 2 2 2 2 2 2 2 2 2 2 2 2 2 2 2 2 2 2 2 2 2 1 
1 2 2 2 2 2 2 2 2 2 2 2 2 2 2 2 2 2 2 2 2 2 2 2 2 2 2 2 2 2 2 2 2 2 2 2 2 2 2 2 2 24 2 2 2 2 2 2 2 2 2 2 2 2 2 2 2 2 2 2 2 2 2 28 3 21 2 21 2 21 2 7 8 2 2 2 2 2 2 2 2 2 2 2 2 2 2 2 2 2 2 2 2 2 46 2 2 2 2 2 2 2 7 8 2 2 2 2 2 2 2 2 2 2 2 2 2 2 2 2 2 2 2 2 2 2 2 1 
1 2 2 2 2 2 2 2 2 2 2 2 2 2 2 2 2 2 2 2 2 2 2 2 2 2 2 2 2 2 2 2 2 2 2 2 2 2 2 2 2 2 2 2 2 2 2 2 2 23 2 24 2 24 2 2 2 2 2 2 2 2 2 2 3 2 21 2 21 2 21 7 8 2 2 2 2 2 2 2 2 2 2 2 2 2 2 2 2 2 2 2 2 2 46 44 44 44 44 44 44 2 7 8 2 2 2 2 2 2 2 2 2 2 2 2 2 2 2 2 2 2 2 2 2 2 2 1 
1 2 2 2 2 2 2 2 2 2 2 2 2 2 2 2 2 2 2 19 2 2 2 2 2 22 2 2 2 2 2 2 2 2 2 2 2 2 2 2 2 2 2 2 2 2 2 30 30 23 2 2 2 2 2 23 30 30 2 2 2 2 2 2 4 5 5 5 5 5 5 6 2 2 2 2 2 2 2 2 2 2 2 2 2 2 2 2 2 2 2 2 2 2 42 44 44 44 44 44 44 2 7 8 2 2 2 2 2 2 2 2 2 2 2 2 2 2 2 2 2 2 2 2 2 2 2 1 
1 2 2 2 2 2 2 2 2 2 2 2 2 2 2 2 2 2 2 2 2 2 2 2 2 2 2 2 2 2 5 5 5 5 5 24 2 2 2 2 2 2 2 2 2 2 2 30 30 23 2 2 2 23 2 23 30 30 2 2 2 2 2 2 2 2 2 2 2 2 2 2 2 2 2 2 2 2 2 2 2 2 2 2 2 2 2 2 2 2 2 2 2 2 29 44 44 44 44 44 44 2 7 8 2 2 2 2 2 2 2 2 2 2 2 2 2 2 2 2 2 2 2 2 2 2 2 1 
1 2 2 2 2 2 2 2 2 2 2 2 2 2 2 2 2 2 2 2 2 2 2 2 2 19 2 2 2 2 3 26 26 26 26 26 2 2 2 2 2 2 23 2 2 2 2 30 30 23 2 2 2 2 2 23 30 30 2 2 2 2 2 2 2 2 2 2 2 2 2 2 2 2 2 2 2 2 2 2 2 2 2 2 2 2 2 2 2 2 2 2 2 2 28 44 44 44 44 44 44 2 7 8 2 2 2 2 2 2 2 2 2 2 2 2 2 2 2 2 2 2 2 2 2 2 2 1 
1 2 2 2 2 2 2 2 2 2 2 2 2 2 2 2 2 2 2 2 2 2 22 2 2 2 2 2 2 2 3 27 27 27 27 27 2 2 2 2 2 2 2 2 2 2 2 30 30 23 2 2 2 2 2 23 30 30 2 2 2 2 2 2 2 2 2 2 2 2 2 2 2 2 2 2 2 2 2 2 2 2 2 2 2 2 2 2 2 2 2 2 2 2 5 5 5 5 5 5 5 5 6 8 2 2 2 2 2 2 2 2 2 2 2 2 2 2 2 2 2 2 2 2 2 2 2 1 
1 2 2 2 2 2 2 2 2 2 2 2 2 2 2 2 2 2 2 2 2 2 2 2 2 2 2 2 2 2 3 27 27 27 27 27 2 2 2 29 2 2 2 2 2 2 2 30 30 23 2 2 2 2 2 23 30 30 2 2 2 2 2 2 2 2 2 2 2 2 2 2 2 2 2 2 2 2 2 2 2 2 2 2 2 2 2 2 2 2 2 2 2 2 2 2 2 2 2 2 2 2 2 2 2 2 2 2 2 2 2 2 2 2 2 2 2 2 2 2 2 2 2 2 2 2 2 1 
1 2 2 2 2 2 2 2 2 2 2 2 2 2 2 2 2 2 2 2 2 2 2 2 2 2 2 2 2 2 3 27 27 27 27 27 2 2 2 29 2 2 2 2 2 2 2 30 30 23 2 2 2 2 2 2 30 30 2 2 2 2 2 2 2 2 2 2 2 2 2 2 2 2 2 2 2 2 2 2 2 2 2 2 2 2 2 2 2 2 30 30 2 2 2 2 2 2 2 2 2 2 2 2 2 2 2 2 2 2 2 2 2 2 2 2 2 2 2 2 2 2 2 2 2 2 2 1 
1 2 2 2 2 2 2 2 2 2 2 2 30 30 30 30 30 30 30 30 30 30 30 30 30 30 30 30 30 2 3 27 27 27 27 27 2 2 2 29 30 30 30 30 30 30 30 30 30 30 30 30 30 30 30 30 30 30 30 30 30 30 30 30 30 30 30 30 30 30 30 30 30 30 30 30 30 30 30 30 30 30 30 30 30 30 30 30 30 30 30 30 30 30 30 30 30 30 30 30 30 30 30 30 30 30 30 30 30 30 30 30 30 30 30 30 30 30 30 30 30 30 30 30 30 30 30 1 
1 2 2 2 2 2 2 2 2 2 2 2 30 30 30 30 30 30 30 30 30 30 30 30 30 30 30 30 30 2 2 2 2 2 2 2 2 2 2 29 30 30 30 30 30 30 30 30 30 30 30 30 30 30 30 30 30 30 30 30 30 30 30 30 30 30 30 30 30 30 30 30 30 30 30 30 30 30 30 30 30 30 30 30 30 30 30 30 30 30 30 30 30 30 30 30 30 30 30 30 30 30 30 30 30 30 30 30 30 30 30 30 30 30 30 30 30 30 30 30 30 30 30 30 30 30 30 1 
1 2 2 2 2 2 2 2 2 2 2 2 2 2 2 2 2 2 2 2 2 2 2 2 2 2 2 2 2 2 2 2 2 2 2 2 2 2 2 28 2 2 2 2 2 2 2 2 2 2 2 2 2 2 2 2 2 2 2 2 2 2 2 2 2 2 2 2 2 2 2 2 2 2 2 2 2 30 30 14 14 14 14 14 14 14 14 14 14 14 14 14 14 14 14 14 14 14 14 14 14 14 14 14 14 14 14 14 14 14 14 14 14 14 14 14 14 14 14 14 14 14 14 14 14 14 14 1 
1 2 2 2 2 2 2 2 2 2 2 2 2 2 2 2 2 2 2 2 2 2 2 2 2 2 2 2 2 2 2 2 2 2 2 2 2 2 2 2 2 2 2 2 2 2 2 2 2 2 2 2 2 2 2 2 2 2 2 2 2 2 2 2 2 2 2 2 2 2 2 2 2 2 2 2 2 30 30 14 14 14 14 14 14 14 14 14 14 14 14 14 14 14 14 14 14 14 14 14 14 14 14 14 14 14 14 14 14 14 14 14 14 14 14 14 14 14 14 14 14 14 14 14 14 14 14 1 
1 2 2 2 2 2 2 2 2 2 2 2 2 2 2 2 2 2 2 2 2 2 2 2 2 2 2 2 2 2 2 2 2 2 2 2 2 2 2 2 2 2 2 2 2 2 2 2 2 2 2 2 2 2 2 2 2 2 2 2 2 2 2 2 2 2 2 2 2 2 2 2 2 2 2 2 2 30 30 14 14 14 14 14 14 14 14 14 14 14 14 14 14 14 14 14 14 14 14 14 14 14 14 14 14 14 14 14 14 14 14 14 14 14 14 14 14 14 14 14 14 14 14 14 14 14 14 1 
1 2 2 2 2 2 2 2 2 2 2 2 2 2 2 2 2 2 2 2 2 2 2 2 2 2 2 2 2 2 2 2 2 2 2 2 2 2 2 2 2 2 2 2 2 2 2 2 2 2 2 2 2 2 2 2 2 2 2 2 2 2 2 2 2 2 2 2 2 2 2 2 2 2 2 2 2 30 30 14 14 14 14 14 14 14 14 14 14 14 14 14 14 14 14 14 14 14 14 14 14 14 14 14 14 14 14 14 14 14 14 14 14 14 14 14 14 14 14 14 14 14 14 14 14 14 14 1 
1 2 2 2 2 2 2 2 2 2 2 2 2 2 2 2 2 2 2 47 51 51 51 51 51 51 51 51 51 51 51 51 51 51 51 51 51 51 51 51 51 51 51 51 51 51 53 2 2 2 2 2 2 2 2 2 2 2 2 2 29 24 24 2 2 2 2 2 2 2 29 2 2 2 2 2 2 30 30 14 14 14 14 14 14 14 14 14 14 14 14 14 14 14 14 14 14 14 14 14 14 14 14 14 14 14 14 14 14 14 14 14 14 14 14 14 14 14 14 14 14 14 14 14 14 14 14 1 
1 2 2 2 2 2 2 2 2 2 2 2 2 2 2 2 2 2 2 48 2 2 2 2 2 2 2 2 2 2 2 2 2 2 2 2 2 2 2 2 2 2 2 2 2 2 54 2 2 2 2 2 2 2 2 2 2 2 2 2 29 24 24 2 2 2 2 2 2 2 29 2 2 2 2 2 2 30 30 14 14 14 14 14 14 14 14 14 14 14 14 14 14 14 14 14 14 14 14 14 14 14 14 14 14 14 14 14 14 14 14 14 14 14 14 14 14 14 14 14 14 14 14 14 14 14 14 1 
1 2 2 2 2 2 2 2 2 2 2 2 2 2 2 2 2 2 2 48 2 2 2 47 51 51 51 51 51 53 2 2 2 2 2 2 2 2 2 2 2 2 2 2 2 2 54 2 2 2 2 2 2 2 2 2 2 2 2 2 29 24 24 2 2 2 2 2 2 2 29 2 2 2 2 2 2 30 30 14 14 14 14 14 14 14 14 14 14 14 14 14 14 14 14 14 14 14 14 14 14 14 14 14 14 14 14 14 14 14 14 14 14 14 14 14 14 14 14 14 14 14 14 14 14 14 14 1 
1 2 2 2 2 2 2 2 2 2 2 2 2 2 2 2 2 2 2 48 2 2 2 48 52 52 52 52 52 54 2 2 2 2 2 2 2 2 2 2 2 2 2 2 2 2 56 2 2 2 2 2 2 2 2 2 2 2 2 2 29 24 24 2 2 2 2 2 2 2 29 2 2 2 2 2 2 30 30 14 14 14 14 14 14 14 14 14 14 14 14 14 14 14 14 14 14 14 14 14 14 14 14 14 14 14 14 14 14 14 14 14 14 14 14 14 14 14 14 14 14 14 14 14 14 14 14 1 
1 2 2 2 2 2 2 2 2 2 2 2 2 2 2 2 2 2 2 48 2 2 2 49 1 1 1 1 1 55 2 2 2 2 2 2 2 2 2 2 2 2 2 2 2 2 2 2 2 2 2 2 2 2 2 2 2 2 2 2 28 2 2 2 2 2 2 2 2 2 28 2 2 2 2 2 2 30 30 14 14 14 14 14 14 14 14 14 14 14 14 14 14 14 14 14 14 14 14 14 14 14 14 14 14 14 14 14 14 14 14 14 14 14 14 14 14 14 14 14 14 14 14 14 14 14 14 1 
1 2 2 2 2 2 2 2 2 2 2 2 2 2 2 2 2 2 2 48 2 2 2 50 1 1 1 1 1 56 2 2 2 2 2 2 2 2 2 2 2 2 2 2 2 2 2 2 2 2 2 2 2 2 2 2 2 2 2 2 2 2 2 2 2 2 2 2 2 2 2 2 2 2 2 2 2 30 30 14 14 14 14 14 14 14 14 14 14 14 14 14 14 14 14 14 14 14 14 14 14 14 14 14 14 14 14 14 14 14 14 14 14 14 14 14 14 14 14 14 14 14 14 14 14 14 14 1 
1 2 2 2 2 2 2 2 2 2 2 2 2 2 2 2 2 2 2 48 2 2 2 2 2 2 2 2 2 2 2 2 2 2 2 2 2 2 2 2 2 2 2 2 2 2 53 2 2 2 2 2 2 2 2 2 30 30 2 22 2 2 2 2 2 2 30 30 2 2 2 2 2 2 2 2 2 30 30 14 14 14 14 14 14 14 14 14 14 14 14 14 14 14 14 14 14 14 14 14 14 14 14 14 14 14 14 14 14 14 14 14 14 14 14 14 14 14 14 14 14 14 14 14 14 14 14 1 
1 2 2 2 2 2 2 2 2 2 2 2 2 2 2 2 2 2 2 48 2 2 2 2 2 2 2 2 2 2 2 2 2 2 2 2 2 2 2 2 2 2 2 2 2 2 54 2 2 2 2 2 2 2 2 2 30 30 2 2 2 2 2 2 2 2 30 30 2 2 2 2 2 2 2 2 2 30 30 14 14 14 14 14 14 14 14 14 14 14 14 14 14 14 14 14 14 14 14 14 14 14 14 14 14 14 14 14 14 14 14 14 14 14 14 14 14 14 14 14 14 14 14 14 14 14 14 1 
1 2 2 2 2 2 2 2 2 2 2 2 2 2 2 2 2 2 2 48 2 2 2 2 2 2 2 2 2 2 2 2 2 2 2 2 2 2 2 2 2 2 2 2 2 2 54 2 2 2 2 2 2 2 2 2 30 30 30 30 30 30 30 30 30 30 30 30 30 30 30 30 30 30 30 30 30 30 30 14 14 14 14 14 14 14 14 14 14 14 14 14 14 14 14 14 14 14 14 14 14 14 14 14 14 14 14 14 14 14 14 14 14 14 14 14 14 14 14 14 14 14 14 14 14 14 14 1 
1 2 2 2 2 2 2 2 2 2 2 2 2 2 2 2 2 2 2 48 2 2 2 2 2 2 2 2 2 2 2 2 2 2 2 2 2 2 2 2 2 2 2 2 2 2 54 2 2 2 2 2 2 2 2 2 30 30 30 30 30 30 30 30 30 30 30 30 30 30 30 30 30 30 30 30 30 30 30 14 14 14 14 14 14 14 14 14 14 14 14 14 14 14 14 14 14 14 14 14 14 14 14 14 14 14 14 14 14 14 14 14 14 14 14 14 14 14 14 14 14 14 14 14 14 14 14 1 
1 2 2 2 2 2 2 2 2 2 2 2 2 2 2 2 2 2 2 48 2 2 2 2 2 2 2 2 2 19 19 19 19 19 2 2 2 2 2 2 2 2 2 2 2 2 54 2 2 2 2 2 2 2 2 2 2 2 2 2 2 2 2 2 2 2 2 2 2 2 2 2 2 2 2 2 2 30 30 14 14 14 14 14 14 14 14 14 14 14 14 14 14 14 14 14 14 14 14 14 14 14 14 14 14 14 14 14 14 14 14 14 14 14 14 14 14 14 14 14 14 14 14 14 14 14 14 1 
1 2 2 2 2 2 2 2 2 2 2 2 2 2 2 2 2 2 2 48 2 2 2 2 2 2 2 2 19 23 23 23 23 23 19 2 2 2 2 2 2 2 2 2 2 2 54 2 2 2 2 5 5 5 5 5 5 5 5 5 5 5 5 5 5 5 5 5 5 5 5 5 5 5 2 2 2 30 30 14 14 14 14 14 14 14 14 14 14 14 14 14 14 14 14 14 14 14 14 14 14 14 14 14 14 14 14 14 14 14 14 14 14 14 14 14 14 14 14 14 14 14 14 14 14 14 14 1 
1 2 2 2 2 2 2 2 2 2 2 2 2 2 2 2 2 2 2 48 2 2 2 2 2 2 2 19 23 2 53 53 53 2 23 19 2 2 2 2 2 2 2 2 2 2 54 2 2 2 2 3 10 11 11 11 11 11 11 11 11 11 11 11 11 11 11 11 11 11 11 11 12 7 8 2 2 30 30 14 14 14 14 14 14 14 14 14 14 14 14 14 14 14 14 14 14 14 14 14 14 14 14 14 14 14 14 14 14 14 14 14 14 14 14 14 14 14 14 14 14 14 14 14 14 14 14 1 
1 2 2 2 2 2 2 2 2 2 2 2 2 2 2 2 2 2 2 48 2 2 23 2 2 2 19 23 53 53 22 22 22 53 53 23 19 2 2 2 2 2 2 2 2 2 54 2 2 2 2 3 13 9 9 9 9 9 14 14 9 9 9 9 14 14 14 9 14 9 9 9 15 7 8 2 2 30 30 14 14 14 14 14 14 14 14 14 14 14 14 14 14 14 14 14 14 14 14 14 14 14 14 14 14 14 14 14 14 14 14 14 14 14 14 14 14 14 14 14 14 14 14 14 14 14 14 1 
1 2 2 2 2 2 2 2 2 2 2 2 2 2 2 2 2 2 2 48 2 2 2 2 2 19 23 2 53 22 19 19 19 22 53 2 23 19 2 2 2 2 2 2 2 2 54 2 2 2 2 3 13 9 9 14 9 9 14 14 14 9 9 9 9 14 14 9 9 9 9 9 15 7 8 2 2 30 30 14 14 14 14 14 14 14 14 14 14 14 14 14 14 14 14 14 14 14 14 14 14 14 14 14 14 14 14 14 14 14 14 14 14 14 14 14 14 14 14 14 14 14 14 14 14 14 14 1 
1 2 2 2 2 2 2 2 2 2 2 2 2 2 2 2 2 2 2 48 2 2 2 2 2 19 23 53 22 19 2 2 2 19 22 53 23 19 2 2 2 2 2 2 2 2 54 2 2 2 2 3 13 9 9 9 14 18 2 2 2 2 2 2 2 2 2 16 14 9 14 14 15 7 8 2 2 30 30 14 14 14 14 14 14 14 14 14 14 14 14 14 14 14 14 14 14 14 14 14 14 14 14 14 14 14 14 14 14 14 14 14 14 14 14 14 14 14 14 14 14 14 14 14 14 14 14 1 
1 2 2 2 2 2 2 2 2 2 2 2 2 2 2 2 2 2 2 48 2 2 2 2 2 2 2 2 2 2 2 2 2 19 22 53 23 19 2 2 2 2 2 2 2 2 54 2 2 2 2 19 13 14 14 14 14 2 2 2 2 2 2 2 2 2 2 2 14 14 9 9 15 7 8 2 2 30 30 30 30 30 30 30 30 30 30 30 30 30 30 30 30 30 30 30 30 30 30 30 30 30 30 30 14 14 14 14 14 14 14 14 14 14 14 14 14 14 14 14 14 14 14 14 14 14 14 1 
1 2 2 2 2 2 2 2 2 2 2 2 2 2 2 2 2 2 2 48 2 2 2 2 2 19 23 53 22 19 2 2 2 19 22 53 23 19 2 2 2 2 2 2 2 2 54 2 2 2 2 2 2 2 2 2 2 2 2 2 2 2 2 2 2 2 2 2 14 9 9 9 15 7 8 2 2 30 30 30 30 30 30 30 30 30 30 30 30 30 30 30 30 30 30 30 30 30 30 30 30 30 30 30 14 14 14 14 14 14 14 14 14 14 14 14 14 14 14 14 14 14 14 14 14 14 14 1 
1 2 2 2 2 2 2 2 2 2 2 2 2 2 2 2 2 2 2 48 2 2 2 2 2 19 23 2 53 22 19 19 19 22 53 2 23 19 2 2 2 2 2 2 2 2 54 2 2 2 2 19 13 14 14 14 14 2 2 2 2 2 2 2 29 24 24 2 17 17 17 17 18 7 8 2 2 30 30 14 14 14 14 14 14 14 14 14 14 14 14 14 14 14 14 14 14 14 14 14 14 14 30 30 14 14 14 14 14 14 14 14 14 14 14 14 14 14 14 14 14 14 14 14 14 14 14 1 
1 2 2 2 2 2 2 2 2 2 2 2 2 2 2 2 2 2 2 48 2 2 2 2 2 2 19 23 53 53 22 22 22 53 53 23 19 2 2 2 2 2 2 2 2 2 54 2 2 2 2 3 13 9 9 9 14 2 2 2 2 2 2 2 29 2 2 2 2 2 2 2 2 19 2 2 2 30 30 14 14 14 14 14 14 14 14 14 14 14 14 14 14 14 14 14 14 14 14 14 14 14 30 30 14 14 14 14 14 14 14 14 14 14 14 14 14 14 14 14 14 14 14 14 14 14 14 1 
1 2 2 2 2 2 2 2 2 2 2 2 2 2 2 2 2 2 2 48 2 2 2 2 2 2 2 19 23 2 53 53 53 2 23 19 2 2 2 2 2 2 2 2 2 2 54 2 2 2 2 3 13 9 9 9 14 2 2 2 2 2 2 2 29 2 2 30 30 30 30 30 30 30 30 30 30 30 30 14 14 14 14 14 14 14 14 14 14 14 14 14 14 14 14 14 14 14 14 14 14 14 30 30 14 14 14 14 14 14 14 14 14 14 14 14 14 14 14 14 14 14 14 14 14 14 14 1 
1 2 2 2 2 2 2 2 2 2 2 2 2 2 2 2 2 2 2 54 2 2 2 2 2 2 2 2 19 23 23 23 23 23 19 2 2 2 2 2 2 2 2 2 2 2 54 2 2 2 2 3 13 9 9 9 14 2 2 2 2 2 2 2 28 2 2 30 30 30 30 30 30 30 30 30 30 30 30 14 14 14 14 14 14 14 14 14 14 14 14 14 14 14 14 14 14 14 14 14 14 14 30 30 14 14 14 14 14 14 14 14 14 14 14 14 14 14 14 14 14 14 14 14 14 14 14 1 
1 2 2 2 2 47 51 51 51 51 51 51 51 51 51 51 51 51 51 2 2 2 2 2 2 2 2 2 2 19 19 19 19 19 2 2 2 2 2 2 2 2 23 2 2 2 54 2 2 2 2 3 13 14 14 14 14 12 2 2 2 2 2 2 2 24 24 10 11 11 11 11 12 19 2 2 2 30 30 14 14 14 14 14 14 14 14 14 14 14 14 14 14 14 14 14 14 14 14 14 14 14 30 30 14 14 14 14 14 14 14 14 14 14 14 14 14 14 14 14 14 14 14 14 14 14 14 1 
1 2 2 2 2 48 2 2 2 2 2 2 2 2 2 2 2 2 2 2 2 2 2 2 2 2 2 2 2 2 2 2 2 2 2 2 2 2 2 2 2 2 2 2 2 2 54 2 2 2 2 3 13 9 9 9 14 14 14 14 14 14 14 14 14 14 14 14 9 9 9 9 15 7 8 2 2 30 30 14 14 14 14 14 14 14 14 14 14 14 14 14 14 14 14 14 14 14 14 14 14 14 30 30 14 14 14 14 14 14 14 14 14 14 14 14 14 14 14 14 14 14 14 14 14 14 14 1 
1 2 2 2 2 48 2 2 2 2 2 2 2 2 2 2 2 2 2 2 23 2 2 2 2 2 2 2 2 2 2 2 2 2 2 2 2 2 2 2 2 2 2 2 2 2 54 2 2 2 2 3 13 9 9 9 14 14 9 9 9 9 9 14 9 9 14 14 9 9 9 9 15 7 8 2 2 30 30 14 14 14 14 14 14 14 14 14 14 14 14 14 14 14 14 14 14 14 14 14 14 14 30 30 14 14 14 14 14 14 14 14 14 14 14 14 14 14 14 14 14 14 14 14 14 14 14 1 
1 2 2 2 2 48 2 2 2 2 2 2 2 2 2 2 2 2 2 2 2 2 2 2 2 2 2 2 2 2 2 2 2 2 2 2 2 2 2 2 2 2 2 2 2 2 54 2 2 2 2 3 13 9 9 9 14 14 9 9 14 9 9 9 9 9 14 9 14 9 9 9 15 7 8 2 2 30 30 14 14 14 14 14 14 14 14 14 14 14 14 14 14 14 14 14 14 14 14 14 14 14 30 30 14 14 14 14 14 14 14 14 14 14 14 14 14 14 14 14 14 14 14 14 14 14 14 1 
1 2 2 2 2 48 2 2 2 2 2 2 2 2 2 2 2 2 2 2 2 2 2 2 2 2 2 2 2 2 2 2 2 2 2 2 2 2 2 2 2 2 2 2 2 2 54 2 2 2 2 3 16 17 17 17 17 17 17 17 17 17 17 17 17 17 17 17 17 17 17 17 18 7 8 2 2 30 30 14 14 14 14 14 14 14 14 14 14 14 14 14 14 14 14 14 14 14 14 14 14 14 30 30 14 14 14 14 14 14 14 14 14 14 14 14 14 14 14 14 14 14 14 14 14 14 14 1 
1 2 2 2 2 48 52 52 52 52 52 52 52 52 52 52 52 52 52 52 52 52 52 52 52 52 52 52 52 52 52 52 52 52 52 52 52 52 52 52 52 52 52 52 52 52 54 2 2 2 2 4 5 5 5 5 5 5 5 5 5 5 5 5 5 5 5 5 5 5 5 5 5 6 8 2 2 30 30 14 14 14 14 14 14 14 14 14 14 14 14 14 14 14 14 14 14 14 14 14 14 14 30 30 14 14 14 14 14 14 14 14 14 14 14 14 14 14 14 14 14 14 14 14 14 14 14 1 
1 2 2 2 2 49 1 1 1 1 1 1 1 1 1 1 1 1 1 1 1 1 1 1 1 1 1 1 1 1 1 1 1 1 1 1 1 1 1 1 1 1 1 1 1 1 55 2 2 2 2 2 2 2 2 2 2 2 2 2 2 2 2 2 2 2 2 2 2 2 2 2 2 2 2 2 2 30 30 14 14 14 14 14 14 14 14 14 14 14 14 14 14 14 14 14 14 14 14 14 14 14 30 30 14 14 14 14 14 14 14 14 14 14 14 14 14 14 14 14 14 14 14 14 14 14 14 1 
1 2 2 2 2 50 1 1 1 1 1 1 1 1 1 1 1 1 1 1 1 1 1 1 1 1 1 1 1 1 1 1 1 1 1 1 1 1 1 1 1 1 1 1 1 1 56 2 2 2 2 2 2 2 2 2 2 2 2 2 2 2 2 2 2 2 2 2 2 2 2 2 2 2 2 2 2 30 30 14 14 14 14 14 14 14 14 14 14 14 14 14 14 14 14 14 14 14 14 14 14 14 30 30 14 14 14 14 14 14 14 14 14 14 14 14 14 14 14 14 14 14 14 14 14 14 14 1 
1 2 2 2 2 2 2 2 2 2 2 2 2 2 2 2 2 2 2 2 2 2 2 2 2 2 2 2 2 2 2 2 2 2 2 2 2 2 2 2 2 2 2 2 2 2 2 2 2 2 2 2 2 2 2 2 2 2 2 2 2 2 2 2 2 2 2 2 2 2 2 2 2 2 2 2 2 30 30 14 14 14 14 14 14 14 14 14 14 14 14 14 14 14 14 14 14 14 14 14 14 14 30 30 14 14 14 14 14 14 14 14 14 14 14 14 14 14 14 14 14 14 14 14 14 14 14 1 
1 2 2 2 2 2 2 2 2 2 2 2 2 2 2 2 2 2 2 2 2 2 2 2 2 2 2 2 2 2 2 2 2 2 2 2 2 2 2 2 2 2 2 2 2 2 2 2 2 2 2 2 2 2 2 2 2 2 2 2 2 2 2 2 2 2 2 2 2 2 2 2 2 2 2 2 2 30 30 14 14 14 14 14 14 14 14 14 14 14 14 14 14 14 14 14 14 14 14 14 14 14 30 30 14 14 14 14 14 14 14 14 14 14 14 14 14 14 14 14 14 14 14 14 14 14 14 1 
1 2 2 2 2 2 2 2 2 2 2 2 2 2 2 2 2 2 2 2 2 2 2 2 2 2 2 2 2 2 2 2 2 2 2 2 2 2 2 2 2 2 2 2 2 2 2 2 2 2 2 2 2 2 2 2 2 2 2 2 2 2 2 2 2 2 2 2 2 2 2 2 2 2 2 2 2 30 30 14 14 14 14 14 14 14 14 14 14 14 14 14 14 14 14 14 14 14 14 14 14 14 30 30 14 14 14 14 14 14 14 14 14 14 14 14 14 14 14 14 14 14 14 14 14 14 14 1 
1 2 2 2 2 2 2 2 2 2 2 2 2 2 2 2 2 2 2 2 2 2 2 2 2 2 2 2 2 2 2 2 2 2 2 2 2 2 2 2 2 2 2 2 2 2 2 2 2 2 2 2 2 2 2 2 2 2 2 2 2 2 2 2 2 2 2 2 2 2 2 2 2 2 2 2 2 30 30 14 14 14 14 14 14 14 14 14 14 14 14 14 14 14 14 14 14 14 14 14 14 14 30 30 30 30 30 30 30 30 30 30 30 30 30 14 14 14 14 14 14 14 14 14 14 14 14 1 
1 2 2 2 2 2 2 2 2 2 2 2 2 2 2 2 2 2 2 2 2 2 2 2 2 2 2 2 2 2 2 2 2 2 2 2 2 2 2 2 2 2 2 2 2 2 2 2 2 2 2 2 2 2 2 2 2 2 2 2 2 2 2 2 2 2 2 2 2 2 2 2 2 2 2 2 2 30 30 14 14 14 14 14 14 14 14 14 14 14 14 14 14 14 14 14 14 14 14 14 14 14 30 30 30 30 30 30 30 30 30 30 30 30 30 14 14 14 14 14 14 14 14 14 14 14 14 1 
1 2 2 2 2 2 2 2 2 2 2 2 2 2 2 2 2 2 2 2 2 2 2 2 2 2 2 2 2 2 2 2 2 2 2 2 2 2 2 2 2 2 2 2 2 2 2 2 2 2 2 2 2 2 2 2 2 2 2 2 2 2 2 2 2 2 2 2 2 2 2 2 2 2 2 2 2 30 30 14 14 14 14 14 14 14 14 14 14 14 14 14 14 14 14 14 14 14 14 14 14 14 14 14 14 14 14 14 14 14 14 14 14 14 14 14 14 14 14 14 14 14 14 14 14 14 14 1 
1 2 2 2 2 2 2 2 2 2 2 2 2 2 2 2 2 2 2 2 2 2 2 2 2 2 2 2 2 2 2 2 2 2 2 2 2 2 2 2 2 2 2 2 2 2 2 2 2 2 2 2 2 2 2 2 2 2 2 2 2 2 2 2 2 2 2 2 2 2 2 2 2 2 2 2 2 30 30 14 14 14 14 14 14 14 14 14 14 14 14 14 14 14 14 14 14 14 14 14 14 14 14 14 14 14 14 14 14 14 14 14 14 14 14 14 14 14 14 14 14 14 14 14 14 14 14 1 
1 2 2 2 2 2 2 2 2 2 2 2 2 2 2 2 2 2 2 2 2 2 2 2 2 2 2 2 2 2 2 2 2 2 2 2 2 2 2 2 2 2 2 2 2 2 2 2 2 2 2 2 2 2 2 2 2 2 2 2 2 2 2 2 2 2 2 2 2 2 2 2 2 2 2 2 2 30 30 14 14 14 14 14 14 14 14 14 14 14 14 14 14 14 14 14 14 14 14 14 14 14 14 14 14 14 14 14 14 14 14 14 14 14 14 14 14 14 14 14 14 14 14 14 14 14 14 1 
1 51 51 51 51 51 51 51 51 51 51 51 51 51 51 51 51 51 51 51 51 51 51 51 51 51 51 51 51 51 51 51 51 51 51 51 51 51 51 51 51 51 51 51 51 53 2 2 2 2 2 2 2 2 2 2 2 2 2 2 2 2 2 2 2 2 2 2 2 2 2 2 2 2 2 2 2 30 30 14 14 14 14 14 14 14 14 14 14 14 14 14 14 14 14 14 14 14 14 14 14 14 14 14 14 14 14 14 14 14 14 14 14 14 14 14 14 14 14 14 14 14 14 14 14 14 14 1 
1 2 2 19 2 2 19 2 2 2 2 2 2 2 2 2 2 2 2 2 2 2 2 2 2 2 2 2 2 2 2 2 2 2 2 2 2 2 2 2 2 19 2 2 2 54 2 2 2 2 2 2 2 2 2 2 2 2 2 2 2 2 2 2 2 2 2 2 2 2 2 2 2 2 2 2 2 30 30 14 14 14 14 14 14 14 14 14 14 14 14 14 14 14 14 14 14 14 14 14 14 14 14 14 14 14 14 14 14 14 14 14 14 14 14 14 14 14 14 14 14 14 14 14 14 14 14 1 
1 2 2 2 2 2 2 2 2 2 2 2 2 2 2 2 2 2 19 2 2 2 19 2 2 2 2 2 2 2 2 2 2 2 2 2 2 2 2 2 2 2 2 2 2 54 2 2 2 2 2 2 2 2 2 2 2 2 2 2 2 2 2 2 2 2 2 2 2 2 2 2 2 2 2 2 2 30 30 14 14 14 14 14 14 14 14 14 14 14 14 14 14 14 14 14 14 14 14 14 14 14 14 14 14 14 14 14 14 14 14 14 14 14 14 14 14 14 14 14 14 14 14 14 14 14 14 1 
1 2 2 2 2 2 2 2 2 2 2 2 2 2 2 2 19 2 2 2 2 2 2 2 2 2 2 2 2 2 2 2 2 2 2 2 2 2 2 2 2 2 2 2 2 54 2 2 2 2 2 2 2 2 2 2 2 2 2 2 2 2 2 2 2 2 2 2 2 2 2 2 2 2 2 2 2 30 30 14 14 14 14 14 14 14 14 14 14 14 14 14 14 14 14 14 14 14 14 14 14 14 14 14 14 14 14 14 14 14 14 14 14 14 14 14 14 14 14 14 14 14 14 14 14 14 14 1 
1 19 2 2 2 2 2 2 2 2 2 19 2 2 2 2 2 2 2 2 2 2 2 2 2 2 2 2 2 2 2 2 2 2 2 2 2 2 2 2 2 2 2 2 2 54 2 2 2 2 2 2 2 2 2 2 2 2 2 2 2 2 2 2 2 2 2 2 2 2 2 2 2 2 2 2 2 30 30 14 14 14 14 14 14 14 14 14 14 14 14 14 14 14 14 14 14 14 14 14 14 14 14 14 14 14 14 14 14 14 14 14 14 14 14 14 14 14 14 14 14 14 14 14 14 14 14 1 
1 2 2 2 2 2 2 2 2 2 19 2 2 2 2 2 2 2 19 2 2 2 2 2 2 2 2 2 2 2 2 2 2 2 2 2 2 2 2 2 2 2 2 2 2 54 2 2 2 2 2 2 2 2 2 2 2 2 2 2 2 2 2 2 2 2 2 2 2 2 2 2 2 2 2 2 2 30 30 14 14 14 14 14 14 14 14 14 14 14 14 14 14 14 14 14 14 14 14 14 14 14 14 14 14 14 14 14 14 14 14 14 14 14 14 14 14 14 14 14 14 14 14 14 14 14 14 1 
1 2 2 2 2 2 2 2 2 2 2 2 2 2 2 2 2 2 2 2 2 2 2 2 2 2 2 2 2 2 2 2 2 2 2 2 2 2 2 2 2 2 2 2 2 54 2 2 2 2 2 2 2 2 2 2 2 2 2 2 2 2 2 2 2 2 2 2 2 2 2 2 2 2 2 2 2 30 30 14 14 14 14 14 14 14 14 14 14 14 14 14 14 14 14 14 14 14 14 14 14 14 14 14 14 14 14 14 14 14 14 14 14 14 14 14 14 14 14 14 14 14 14 14 14 14 14 1 
1 2 2 2 2 2 2 2 2 2 2 2 2 2 2 2 2 2 2 2 2 2 2 2 2 2 2 2 2 2 2 2 2 2 2 2 2 2 2 2 2 2 2 2 2 54 2 2 2 2 2 2 2 2 2 2 2 2 2 2 2 2 2 2 2 2 2 2 2 2 2 2 2 2 2 2 2 30 30 14 14 14 14 14 14 14 14 14 14 14 14 14 14 14 14 14 14 14 14 14 14 14 14 14 14 14 14 14 14 14 14 14 14 14 14 14 14 14 14 14 14 14 14 14 14 14 14 1 
1 2 2 2 2 2 23 2 22 2 2 2 2 2 2 2 2 2 2 2 2 2 2 2 2 2 2 2 2 2 2 2 2 2 2 2 2 2 2 2 2 2 2 2 2 54 2 2 2 2 2 2 2 2 2 2 2 2 2 2 2 2 2 2 2 2 2 2 2 2 2 2 2 2 2 2 2 30 30 14 14 14 14 14 14 14 14 14 14 14 14 14 14 14 14 14 14 14 14 14 14 14 14 14 14 14 14 14 14 14 14 14 14 14 14 14 14 14 14 14 14 14 14 14 14 14 14 1 
1 2 2 2 2 2 2 2 2 2 2 2 2 2 2 2 2 2 2 2 2 2 2 2 2 2 2 2 2 2 2 2 2 2 2 2 2 2 2 2 2 2 2 2 2 54 2 2 2 2 2 2 2 2 2 2 2 2 2 2 2 2 2 2 2 2 2 2 2 2 2 2 2 2 2 2 2 30 30 14 14 14 14 14 14 14 14 14 14 14 14 14 14 14 14 14 14 14 14 14 14 14 14 14 14 14 14 14 14 14 14 14 14 14 14 14 14 14 14 14 14 14 14 14 14 14 14 1 
1 2 2 2 2 2 2 2 2 2 2 2 2 22 2 2 2 2 2 2 2 2 2 2 2 2 2 2 2 2 2 2 2 2 2 2 2 2 2 2 2 2 2 2 2 55 2 2 2 2 2 2 2 2 2 2 2 2 2 2 2 2 2 2 2 2 2 2 2 2 2 2 2 2 2 2 2 30 30 14 14 14 14 14 14 14 14 14 14 14 14 14 14 14 14 14 14 14 14 14 14 14 14 14 14 14 14 14 14 14 14 14 14 14 14 14 14 14 14 14 14 14 14 14 14 14 14 1 
1 2 2 23 2 2 2 22 2 2 2 2 23 22 2 2 2 2 2 2 2 2 2 2 2 2 2 2 2 2 2 2 2 2 2 2 2 2 2 2 2 2 2 2 2 50 2 2 2 2 2 2 2 2 2 2 2 2 2 2 2 2 2 2 2 2 2 2 2 2 2 2 2 2 2 2 2 30 30 14 14 14 14 14 14 14 14 14 14 14 14 14 14 14 14 14 14 14 14 14 14 14 14 14 14 14 14 14 14 14 14 14 14 14 14 14 14 14 14 14 14 14 14 14 14 14 14 1 
1 2 2 2 2 2 2 23 2 2 2 2 2 2 2 2 2 2 2 2 2 2 2 2 2 2 2 2 2 2 2 2 2 2 2 2 2 2 2 2 2 2 2 2 2 2 51 51 51 51 51 51 51 51 51 51 51 51 51 51 51 51 53 2 2 2 2 2 2 2 2 2 2 2 2 2 2 30 30 14 14 14 14 14 14 14 14 14 14 14 14 14 14 14 14 14 14 14 14 14 14 14 14 14 14 14 14 14 14 14 14 14 14 14 14 14 14 14 14 14 14 14 14 14 14 14 14 1 
1 2 2 22 2 23 2 22 2 2 2 2 2 2 2 2 2 2 2 2 2 2 2 2 2 2 2 2 2 2 2 2 2 2 2 2 2 2 2 2 2 2 2 2 2 2 2 2 2 2 2 2 2 19 2 2 2 2 2 2 2 2 54 2 2 2 2 2 2 2 2 2 2 2 2 2 2 30 30 14 14 14 14 14 14 14 14 14 14 14 14 14 14 14 14 14 14 14 14 14 14 14 14 14 14 14 14 14 14 14 14 14 14 14 14 14 14 14 14 14 14 14 14 14 14 14 14 1 
1 2 2 2 2 2 2 2 2 2 2 2 2 2 2 2 2 2 2 2 2 2 2 2 2 2 2 2 2 2 2 2 2 2 2 2 2 2 2 2 2 2 2 2 2 2 2 22 2 2 2 2 2 2 2 2 2 2 2 2 19 2 54 2 2 2 2 2 2 2 2 2 2 2 2 2 2 30 30 14 14 14 14 14 14 14 14 14 14 14 14 14 14 14 14 14 14 14 14 14 14 14 14 14 14 14 14 14 14 14 14 14 14 14 14 14 14 14 14 14 14 14 14 14 14 14 14 1 
1 2 2 2 2 2 2 2 2 2 2 2 2 22 2 2 2 2 2 2 2 2 2 2 2 2 2 2 2 2 2 2 2 2 2 2 2 2 2 2 2 2 2 2 2 2 2 2 2 2 2 2 19 2 2 2 2 2 2 2 2 2 54 2 2 2 2 2 2 2 2 2 2 2 2 2 2 30 30 14 14 14 14 14 14 14 14 14 14 14 14 14 14 14 14 14 14 14 14 14 14 14 14 14 14 14 14 14 14 14 14 14 14 14 14 14 14 14 14 14 14 14 14 14 14 14 14 1 
1 2 2 23 2 22 2 2 2 2 22 23 2 2 2 2 23 2 2 2 2 2 2 2 2 2 2 2 2 2 2 2 2 2 2 2 2 2 2 2 2 2 2 2 2 2 2 2 2 2 2 2 2 2 2 2 2 2 2 2 2 2 54 2 2 2 2 2 2 2 2 2 2 2 2 2 2 30 30 14 14 14 14 14 14 14 14 14 14 14 14 14 14 14 14 14 14 14 14 14 14 14 14 14 14 14 14 14 14 14 14 14 14 14 14 14 14 14 14 14 14 14 14 14 14 14 14 1 
1 2 2 2 2 23 2 2 2 2 23 2 2 2 2 19 2 2 2 2 2 2 2 2 2 2 2 22 2 2 2 2 2 2 2 2 2 2 2 2 2 2 2 2 2 2 2 2 2 2 2 2 2 2 2 2 2 2 2 19 2 2 54 2 2 2 2 2 2 2 2 2 2 2 2 2 2 30 30 14 14 14 14 14 14 14 14 14 14 14 14 14 14 14 14 14 14 14 14 14 14 14 14 14 14 14 14 14 14 14 14 14 14 14 14 14 14 14 14 14 14 14 14 14 14 14 14 1 
1 2 2 2 19 2 2 2 2 2 2 2 2 2 2 2 2 2 2 2 2 2 2 2 2 2 2 2 2 2 2 2 2 2 2 2 2 2 2 2 2 2 2 2 2 2 22 2 2 2 2 2 2 2 2 2 2 2 2 2 2 2 54 2 2 2 2 2 2 2 2 2 2 2 2 2 2 30 30 14 14 14 14 14 14 14 14 14 14 14 14 14 14 14 14 14 14 14 14 14 14 14 14 14 14 14 14 14 14 14 14 14 14 14 14 14 14 14 14 14 14 14 14 14 14 14 14 1 
1 2 2 2 23 23 19 2 2 2 2 2 2 2 23 2 2 2 2 2 22 2 2 2 2 2 2 2 2 2 2 2 22 2 2 2 2 2 2 2 2 2 2 2 2 2 2 2 2 2 2 2 2 2 2 2 2 2 2 2 2 19 54 2 2 2 2 2 2 2 2 2 2 2 2 2 2 30 30 14 14 14 14 14 14 14 14 14 14 14 14 14 14 14 14 14 14 14 14 14 14 14 14 14 14 14 14 14 14 14 14 14 14 14 14 14 14 14 14 14 14 14 14 14 14 14 14 1 
1 2 2 2 2 2 2 2 2 2 2 2 2 2 2 2 2 2 2 2 2 2 2 2 2 2 2 2 2 2 2 2 2 2 2 2 2 2 2 2 2 2 2 2 2 22 2 2 2 2 2 2 2 2 2 2 2 2 2 2 2 2 54 2 2 2 2 2 2 2 2 2 2 2 2 2 2 30 30 14 14 14 14 14 14 14 14 14 14 14 14 14 14 14 14 14 14 14 14 14 14 14 14 14 14 14 14 14 14 14 14 14 14 14 14 14 14 14 14 14 14 14 14 14 14 14 14 1 
1 2 2 2 2 2 2 2 2 2 2 2 2 2 2 2 2 2 2 2 2 2 2 2 2 2 2 2 2 2 2 2 2 2 2 2 2 2 2 2 2 2 2 2 2 2 2 2 2 2 2 2 2 2 2 2 2 2 2 2 2 2 54 2 2 2 2 2 2 2 2 2 2 2 2 2 2 2 2 14 14 14 14 14 14 14 14 14 14 14 14 14 14 14 14 14 14 14 14 14 14 14 14 14 14 14 14 14 14 14 14 14 14 14 14 14 14 14 14 14 14 14 14 14 14 14 14 1 
1 1 1 1 1 1 1 1 1 1 1 1 1 1 1 1 1 1 1 1 1 1 1 1 1 1 1 1 1 1 1 1 1 1 1 1 1 1 1 1 1 1 1 1 1 1 1 1 1 1 1 1 1 1 1 1 1 1 1 1 1 1 1 1 1 1 1 1 1 1 1 1 1 1 1 1 1 1 1 1 1 1 1 1 1 1 1 1 1 1 1 1 1 1 1 1 1 1 1 1 1 1 1 1 1 1 1 1 1 1 1 1 1 1 1 1 1 1 1 1 1 1 1 1 1 1 1 1
